---------------------
Basis Indices:
---------------------

{-, -}, {-, -}


{-, -}, {}


{-, 9+i25}, {}


{-, 13+i29}, {}

---------------------
Index Mapping: 
---------------------

{29: 3, 25: 2, 13: 1, 9: 0}

---------------------
Final Problem: 
---------------------
Find a point satisfying:

-0.5*{} + 1*{22} + 1*{00} = 0 

-0.5*{} + 1*{11} + 1*{33} = 0 

 { {         1*{},         0*{},            0.707107*{},               0.707107*{},               0.707107*{},         0*{},         0*{},                   0*{},                      0*{},                      0*{}}, 
   {         0*{},         1*{},            0.707107*{},                     1*{0},                     1*{1},         0*{},         0*{},                   0*{},                     1*{2},                     1*{3}}, 
   {  0.707107*{},  0.707107*{},                   1*{},     0.707107*{0} + 0.5*{},     0.707107*{1} + 0.5*{},         0*{},         0*{},                   0*{},              0.707107*{2},              0.707107*{3}}, 
   {  0.707107*{},        1*{0},  0.707107*{0} + 0.5*{},                      1*{},  0.5*{} + 1*{01} + 1*{23},         0*{},       -1*{2},          -0.707107*{2},                      0*{},          1*{03} + -1*{12}}, 
   {  0.707107*{},        1*{1},  0.707107*{1} + 0.5*{},  0.5*{} + 1*{01} + 1*{23},                      1*{},         0*{},       -1*{3},          -0.707107*{3},          1*{12} + -1*{03},                      0*{}}, 
   {         0*{},         0*{},                   0*{},                      0*{},                      0*{},         1*{},         0*{},            0.707107*{},               0.707107*{},               0.707107*{}}, 
   {         0*{},         0*{},                   0*{},                    -1*{2},                    -1*{3},         0*{},         1*{},            0.707107*{},                     1*{0},                     1*{1}}, 
   {         0*{},         0*{},                   0*{},             -0.707107*{2},             -0.707107*{3},  0.707107*{},  0.707107*{},                   1*{},     0.707107*{0} + 0.5*{},     0.707107*{1} + 0.5*{}}, 
   {         0*{},        1*{2},           0.707107*{2},                      0*{},          1*{12} + -1*{03},  0.707107*{},        1*{0},  0.707107*{0} + 0.5*{},                      1*{},  0.5*{} + 1*{01} + 1*{23}}, 
   {         0*{},        1*{3},           0.707107*{3},          1*{03} + -1*{12},                      0*{},  0.707107*{},        1*{1},  0.707107*{1} + 0.5*{},  0.5*{} + 1*{01} + 1*{23},                      1*{}} }  >= 0

{2, 1, 1, 1, 1, 1, 1, 1} 4
Find a point satisfying:

-0.000106364*{} = 0 

-0.000126426*{} = 0 

 { {         1*{},         0*{},  0.707107*{},   0.707107*{},   0.707107*{},         0*{},          0*{},          0*{},         0*{},          0*{}}, 
   {         0*{},         1*{},  0.707107*{},   0.357324*{},   0.497113*{},         0*{},          0*{},          0*{},  0.610093*{},   0.502745*{}}, 
   {  0.707107*{},  0.707107*{},         1*{},   0.752666*{},   0.851512*{},         0*{},          0*{},          0*{},  0.431401*{},   0.355495*{}}, 
   {  0.707107*{},  0.357324*{},  0.752666*{},          1*{},   0.984352*{},         0*{},  -0.610093*{},  -0.431401*{},         0*{},  -0.123642*{}}, 
   {  0.707107*{},  0.497113*{},  0.851512*{},   0.984352*{},          1*{},         0*{},  -0.502745*{},  -0.355495*{},  0.123642*{},          0*{}}, 
   {         0*{},         0*{},         0*{},          0*{},          0*{},         1*{},          0*{},   0.707107*{},  0.707107*{},   0.707107*{}}, 
   {         0*{},         0*{},         0*{},  -0.610093*{},  -0.502745*{},         0*{},          1*{},   0.707107*{},  0.357324*{},   0.497113*{}}, 
   {         0*{},         0*{},         0*{},  -0.431401*{},  -0.355495*{},  0.707107*{},   0.707107*{},          1*{},  0.752666*{},   0.851512*{}}, 
   {         0*{},  0.610093*{},  0.431401*{},          0*{},   0.123642*{},  0.707107*{},   0.357324*{},   0.752666*{},         1*{},   0.984352*{}}, 
   {         0*{},  0.502745*{},  0.355495*{},  -0.123642*{},          0*{},  0.707107*{},   0.497113*{},   0.851512*{},  0.984352*{},          1*{}} }  >= 0

{(3.855823,0), (1.144008,0), (3.855823,0), (1.144008,0), (3.951799e-16,0), (8.12998e-17,0), (0.0001167704,0), (5.221355e-05,4.425942e-17), (5.221355e-05,-4.425942e-17), (0.0001167704,0)}
 { { +1.0000000, +0.0000000, +0.5000000, +0.5000000, +0.5000000}, 
   { +0.0000000, +1.0000000, +0.5000000, +0.4998936, +0.4998736}, 
   { +0.5000000, +0.5000000, +1.0000000, +0.7526133, +0.8514484}, 
   { +0.5000000, +0.4998936, +0.7526133, +1.0000000, +0.9842351}, 
   { +0.5000000, +0.4998736, +0.8514484, +0.9842351, +1.0000000} } 
